0 1
0 4
0 7
0 8
0 13
0 10
0 6
0 2
1 2
1 6
1 11
1 9
1 5
1 3
2 6
3 5
3 17
4 20
4 7
5 9
5 17
6 10
6 11
7 20
7 22
7 16
7 8
8 16
8 14
8 13
9 11
9 15
9 17
10 13
10 24
10 12
10 11
11 12
11 28
11 21
11 15
12 24
12 28
13 14
13 19
13 29
13 24
14 16
14 18
14 19
15 17
15 21
15 23
16 22
16 42
16 46
16 41
16 27
16 18
17 23
17 32
18 19
18 27
19 27
19 31
19 29
20 48
20 22
21 23
21 28
21 30
21 26
22 48
22 50
22 42
23 26
23 36
23 32
24 25
24 33
24 28
24 29
25 29
25 38
25 44
25 40
25 33
26 30
26 39
26 36
27 41
27 43
27 31
28 33
28 30
29 31
29 37
29 38
30 33
30 34
30 39
31 43
31 37
32 35
32 36
33 34
33 40
34 40
34 53
34 45
34 39
35 36
35 59
36 39
36 47
36 59
37 43
37 57
37 55
37 38
38 55
38 44
39 45
39 47
40 44
40 52
40 54
40 53
41 46
41 56
41 43
42 50
42 58
42 51
42 46
43 56
43 57
44 55
44 52
45 47
45 53
45 49
46 51
46 56
47 49
47 59
48 58
48 50
49 53
49 59
50 58
51 58
51 56
52 55
52 54
53 54
53 59
54 55
54 57
54 59
55 57
56 58
56 57
57 58
57 59
58 59
